10000
4878
4390
-8987
6184
-3716
8112
-7655
2316
-1816
1274
-4429
7837
3100
-9353
3271
6799
1233
-7501
-7796
5165
-842
-899
361
-2358
2064
-6910
-5020
3366
-5086
5365
3222
-9080
5897
8159
9300
-5797
9609
-8049
-9108
-5562
-6162
-552
8093
-4859
1298
7422
5403
-452
-9889
8715
-5379
-4041
2814
6442
-8749
-6653
-8643
-9755
-8889
-6793
3663
5922
-4652
3748
-1484
1377
4685
922
-4839
-624
-8933
2052
5989
-8275
-2725
-7480
-4482
-186
6163
-5026
9003
4775
-1288
1519
-4676
1093
-1342
8437
1989
-1441
-1662
7224
-6652
-1197
3586
-8555
-3450
-9905
2859
213
2270
8247
5273
-7635
-7746
8908
2765
7529
7190
-6471
8280
-7420
9027
-8260
-9975
-1943
1888
4003
6665
-9398
641
6746
1545
5180
-8386
-7054
4759
-6676
-2589
1722
-8489
7023
-9505
-9698
5982
6794
-7257
-6713
-7247
697
-1334
7536
-6368
4720
5416
-3826
-6138
-6816
9547
-5234
6555
-9229
4073
-9195
1243
4165
-3149
968
8058
-6547
-8339
7988
-2103
2108
4110
2355
-3499
3237
-4365
-9087
4665
-4140
-912
-4621
-1097
5661
6386
-4032
649
-3314
-6164
-4866
6897
4242
-456
4684
-9114
-7902
6658
6560
-7102
-7210
-9804
5914
1001
8718
7051
-6268
6349
-2931
-5060
-6400
9942
4197
5557
398
6386
6395
8302
6616
5730
-7269
-1293
-7569
2623
-5153
-9650
-8057
-6865
6995
1423
9145
2042
1355
8944
9737
2198
9875
-2409
-5936
7537
9301
-6971
-609
-3679
-342
5122
4222
-2814
5702
7176
7313
-1398
-8322
7351
4413
8127
-4493
5301
6502
576
-861
3946
-3977
-1311
-8452
8611
-1517
-4427
3498
-741
9869
5479
-2755
5070
3247
-8425
3270
-4023
3314
-7907
-6333
2567
3638
-6237
3627
9793
-3095
-4139
-2752
7855
1892
6120
430
-2613
5857
-706
2620
2915
4100
511
-9676
-2554
1594
-1963
1081
-8835
8757
-9266
2246
-8487
-7680
-7594
8960
-8806
-3261
5770
-8850
-3013
-8272
-4636
3678
-7975
-2074
338
-8763
-1595
6654
-2662
4492
5851
1058
8930
-1600
6235
9822
9507
720
-5192
8168
-4006
-9935
4442
-5394
-6020
6186
-9447
-8097
8738
-3137
-3910
5554
3312
2820
-3056
-4712
-4635
9736
9245
-4775
5260
-3723
-784
3083
-3789
-1630
2323
-4208
-248
-356
3924
2386
-2871
-3726
8137
-9618
-8066
3760
3991
8863
-5415
6305
5165
6903
-8833
1642
-9944
-5298
-894
-2874
509
9758
-7296
3069
-7448
-6883
3253
3126
3201
9086
8101
1153
-6280
-6474
-3148
8486
-1742
-6623
-2359
-5569
-4270
-7892
3939
2823
-8545
-1880
368
-7357
-9732
8196
-3326
-7824
-6641
-9669
-9441
4237
-5424
-2073
9116
-4266
-8247
4277
2310
61
6225
-3637
-584
-4432
-9039
634
-8008
4235
-3124
-8400
-1980
1299
3139
-9671
3592
-3574
-1019
3552
-2125
4333
8258
-3541
-912
-1141
-8259
6362
7834
768
1009
-948
3871
2049
358
-4120
636
-3378
-5296
3695
-5618
6490
4443
-5399
5334
-5549
280
117
-1504
-8179
8927
-5565
739
-7993
-8398
3369
-3765
-4120
3197
-2289
-6507
-5030
-2252
9739
2793
3302
-4777
7730
6863
7455
5078
1691
9427
8203
-1370
2299
7822
4550
9185
-4988
-1341
3229
9295
9748
5609
-8567
3424
4550
7718
-4102
7277
-7506
-5412
-8359
-6238
-9979
3915
-3920
5798
3276
-7667
1463
7025
-6291
-7304
7885
-2350
-2032
856
6083
2243
7207
8147
2377
9
2929
7626
-2820
657
-5117
-5134
9060
-2240
-4094
-9201
8438
8163
-9379
-3948
-9631
-8214
-9572
-2065
-4934
7915
2790
-7807
-3388
2353
-2154
-4525
-613
223
-3234
-6705
-2875
1753
7865
8353
-4205
-4133
1925
-5416
6125
4468
8288
9697
1621
9188
1564
3462
-4835
-3725
-7413
8388
-4162
6375
-1965
5286
9408
-9549
3273
9079
4479
1671
308
-9646
5343
-4805
7895
-398
-5625
-7060
-9537
-3661
-4889
-4536
-5122
1051
-6589
-7011
-2974
-1949
-1706
-5926
9563
-7552
6407
4989
56
3609
-590
-6986
-714
2305
-9676
-4740
4027
-5653
-3089
3033
1478
-4685
-8504
1625
8180
632
-8688
1607
9226
3025
5570
-8382
-9009
9182
-4032
-6452
-1143
-9710
6839
-336
-9843
-5324
-6206
6573
9440
-4331
-1123
7613
2408
5514
-8646
-3665
-2412
2785
-8148
986
-6417
8910
-9278
-2866
4196
-476
7305
6201
6607
-8358
8013
-270
3679
9927
-5066
2202
275
-2356
-2254
-4985
-1809
8204
-8464
9332
-6721
4889
-3656
-5366
-4001
-399
5646
-1165
7022
239
3835
8267
-1096
9722
-9222
-9336
6498
-8600
6065
2041
8595
-7118
417
8358
-6938
-5228
-8256
-3207
-1051
-7231
5724
-5010
-1431
1912
-2611
-770
5275
4821
-8634
-4030
-2110
9845
-8578
-934
-6002
-4277
3402
-8806
6456
-2521
6468
-2992
2490
5866
-4360
912
-5816
-8864
-7421
-7801
5736
8236
-8296
-6128
3548
6000
-2817
2548
-6757
425
-2288
6351
2958
757
-2587
-9843
-6334
-1227
-5873
-8305
-5949
2871
4038
-2265
-9466
3135
-6733
-5564
-8010
3333
1646
-371
4588
-3333
9342
7801
-6109
-3250
7248
-5016
-5668
3957
1871
6925
1316
-4166
5728
-4979
414
-1044
-7058
5162
-6834
-1134
9606
-6817
53
6815
-7904
9855
3119
5154
5982
4140
3342
8441
3459
-9098
9930
-295
-9588
-8156
4705
3283
7170
-5131
8139
4886
4969
-8382
8815
-2496
-7504
6131
-2965
6018
-9202
-2796
-5955
9280
1633
-1935
4039
7175
-4338
-1894
8661
-3694
-4090
8776
2978
2847
5152
-7005
-8448
4672
-8669
1911
-3153
-2188
8173
8414
4530
-6585
7998
3503
774
1288
-3715
-5632
4397
-8474
-7879
-1956
6790
-2397
-1765
5643
-5079
-1375
-3384
8283
-5103
7543
9920
2615
-1911
5065
3577
8999
7235
1998
6093
8141
1481
5808
4556
-7855
-2852
8010
7573
619
4461
1001
-6754
5060
-7980
9642
-5898
-3583
8053
6425
-1975
-7860
-4987
7482
3106
6933
3890
-886
-4338
-5996
-2812
-7147
954
-1289
-8569
-259
-454
8249
-7195
6748
-3237
-4309
5379
5435
-5527
-2262
875
2066
-1661
1010
4391
-4484
-1903
1585
-8857
1904
5405
109
7803
9223
6339
3341
1945
2272
5834
-7239
-6758
-3114
-4590
-5268
-6715
8507
-8747
9595
-4365
510
-7799
8811
-9174
6911
8375
-2742
4614
-3772
814
-6589
1467
4491
9851
-9405
3449
2243
-6397
-403
5798
-3712
7660
-2758
-6928
4316
8097
860
-9786
-1975
1840
5055
5429
9445
-9597
4481
-971
3347
7883
8058
4775
-8838
-5922
-4047
117
6812
2300
-7271
5807
-6192
-4491
1566
4223
3734
-6488
-3251
1344
8215
4243
-5655
5907
-9235
1079
-5502
6445
3024
-2366
1111
-7438
-42
7748
-431
-5618
-668
-9818
8409
-2765
7505
-4347
-9884
942
-1500
-229
6846
1730
-246
-7876
-9299
-1549
-3283
-2098
-783
5987
-8066
3823
-4681
1840
4504
9045
-6035
-6384
4009
2195
8254
2910
-5908
-9176
4943
1161
-3602
8479
-4673
8740
-2486
2432
8833
1375
-872
4548
-9001
6198
728
6664
-1389
974
-2580
-3791
-2732
5777
3119
3400
8297
-5013
-614
5675
-1032
-7199
7911
-436
6287
-111
4535
8109
-4038
-8744
-3785
2777
-1989
-950
-4983
4692
-7514
7522
445
9043
-9962
-7313
-2745
-5067
6639
3915
2597
-5649
-9336
3151
-7157
7256
8407
-7861
-5651
2541
-2890
-2213
4008
-1718
-6731
9675
-5448
-6060
-9777
6317
-1888
4436
-4694
-5868
1908
-4857
8073
6722
2609
2993
-2260
-8833
-7552
-7316
7359
9922
1465
-685
2643
6719
-5696
-3786
-3617
889
-7619
7375
2961
5002
-9843
7135
7615
7759
3562
4723
3006
-5758
-651
-7204
-1204
9799
-771
3884
4419
-5622
-2395
-1846
5328
-2690
6243
4707
-7867
1206
-1042
179
-3800
50
5656
8865
-8027
-3718
9989
7582
6048
-2683
-8444
5404
3672
-2309
-4603
-2714
6815
-2105
-7689
-9341
-4703
9169
-7411
-8995
-1106
-3951
3375
-8668
3301
7491
-1802
-11
-4390
-5838
5931
3638
-177
-3329
6753
3371
1119
-3569
-9996
-6179
-1939
-511
-9445
-6835
-5298
6718
3841
1122
-2618
-5044
5839
-4576
8918
2174
-3947
-206
-3867
8607
-8586
-7660
-1215
9210
-9383
7330
7552
2766
7221
-1883
1241
-3253
-9477
3751
-5487
2190
2990
-5724
4572
6866
-9212
5331
6861
9922
7996
-3789
-8923
-657
-3209
9342
7794
-9556
9062
303
-9976
-6618
2346
3251
-7136
9627
2630
-7769
1376
-6071
3375
1473
1275
1445
-8387
-139
5560
-9678
6599
3942
-3224
4029
1171
-5961
-9192
-2486
-7622
5489
-4588
-113
-6265
-5110
4367
-552
3110
7418
6892
769
-7654
-3037
8548
7979
-9313
-4056
4149
8589
1704
6147
7301
-4149
6755
-9846
-6507
6003
-2512
-9516
6911
5402
-7193
5188
-5384
-2754
-6403
8203
-3282
-9918
3319
-5335
6205
-5080
-9213
-6608
6832
-7847
4036
9544
-2243
8518
-1220
-3549
-4037
-6283
-8850
-744
1975
797
-3302
2255
-8257
5164
7228
-9143
3417
-1864
3888
9133
-2534
1621
-1015
9656
2564
29
3938
7607
-5762
2497
-5957
4179
-7268
5811
71
4719
6758
-6450
8986
-3290
-3681
3171
3781
-5804
-426
-588
5346
-5044
-9056
-4485
-8848
6001
381
-4527
-8663
-3371
-6403
6159
-5183
-9332
-5205
2102
5134
-3926
7563
82
3820
2020
2212
528
7080
-2433
1749
2806
-7526
1299
9508
-4953
3955
-4000
-5213
-6014
2033
4663
4837
2637
2546
7617
-9800
4708
-5157
4369
4441
-3443
381
-8015
3466
7859
-7399
7520
-6077
4780
-1458
-4139
7443
8340
-3856
-4504
1267
4952
6571
-843
-3076
2464
2215
-6965
-8759
7714
-1373
8807
154
-8470
-5082
-6560
-9999
-5170
5123
-69
-229
-6720
4442
-3064
-8239
4269
3070
9517
-4702
-7376
-4122
-6719
9727
9975
9580
-5062
2576
9190
9118
-1101
9869
-6414
-6850
-2004
-3250
2351
-3791
-9103
-7879
3480
-7363
5180
-2306
-8023
-2513
8594
-6738
-8985
9810
9536
-253
-6578
-6341
1654
-8113
5088
-4634
9914
-937
-6711
7866
6360
2757
-6654
7146
9350
-591
7530
-6329
-5396
4167
5736
-1832
565
-8202
-5583
-6504
1454
2950
-1252
-9235
-9095
-9246
9981
-1216
-8215
-339
-2927
6433
-4988
-6251
-538
-9696
-6848
-4064
8140
3873
-5804
-2349
-6127
-8030
-8987
358
4423
-8703
-7781
9554
9603
5490
1415
3442
5716
-3984
8681
-476
-860
-3311
-6960
-2217
1273
9114
-1213
4219
6923
-5421
-2172
-7041
2969
-9145
6135
273
-4188
6965
7062
-3413
5305
3330
-679
8588
5463
-663
3425
5502
4806
-8827
-6270
4340
-652
-543
3736
4996
9125
-7175
-567
-638
8129
548
-8170
-6092
6239
-1413
-4541
-2360
5183
1876
-7443
-7423
-4867
-4994
4426
1965
-1085
7308
-8222
-8541
6610
4949
-2603
-6677
7210
7028
-418
4084
-8144
-8017
6072
1897
8892
-5230
4975
6966
3476
9011
-5379
-7236
4131
-3958
-8643
3409
9470
8470
-8166
133
1976
8065
-8046
-3282
-5114
5090
3017
6019
6709
371
8492
-4229
-7344
291
-9348
9613
533
2886
6964
847
-7222
3483
8135
832
9775
6569
-4966
2582
845
-182
7629
4194
3835
-3270
8107
4268
-2447
-9562
5771
-9630
-7714
2505
-8558
9012
2600
-8642
9999
-9532
-3000
-4618
1005
3994
3392
-9315
-2578
-8467
-6302
7989
789
46
-6815
5832
872
7182
9325
-7621
-1414
5249
74
6656
869
-8738
4822
4011
-2433
-2897
4177
3995
3106
1723
9520
-5078
5153
-6884
9351
-699
-3416
4915
-4980
-5169
682
-2153
6285
7913
-8472
7512
5497
9642
350
-9441
2656
-4384
-1087
-9869
9132
-8005
-9327
-314
6317
4765
-9236
-4753
-8485
1170
-3384
7849
-9696
5308
3784
9121
-314
-3120
-3363
2646
-588
6495
4293
-5875
9638
3798
205
-8362
8357
2942
2091
-2250
-1109
9443
6223
-6385
1090
7372
-368
-2564
1759
-7443
1004
-6210
-7925
-8863
-7681
5248
-8948
7238
-9542
-9257
4858
1609
6290
5613
436
6714
-9355
959
-9998
-8121
9015
-6271
5741
-4295
-1967
-1434
-6949
8827
-7496
-5434
-2866
-8643
-2378
-8841
-678
8773
3072
-1478
-1166
6864
-7792
5528
-9143
-3541
5331
-6382
-9342
4887
-379
-2259
-5192
-5170
9117
-9513
2771
-4382
7299
-3617
7093
589
-4044
5981
-6534
6394
-543
-2815
-3458
-1209
-1959
-6484
562
-2962
9143
9002
163
2162
8463
-620
3617
6208
6041
-7943
5480
5921
6969
-3260
5235
1871
1673
-4905
7324
-6356
-7022
-6671
6128
603
7129
-8838
5755
2620
7511
-4507
9446
2055
1419
633
2638
1213
6656
-1508
-4669
-9391
1036
1223
-8593
1669
1343
-6499
1951
8570
917
-4121
-7049
2515
-5677
-5723
-7664
-5255
-6885
524
8785
228
2594
1313
4452
-8670
3634
1786
-3859
-5783
-7257
5206
-83
-115
-2683
6839
9312
3754
-7302
-812
-618
455
2841
5790
7463
-9848
-616
6768
183
2192
-9389
-1711
-3597
5856
-8840
5769
3715
-9026
-2501
4695
89
-6959
-902
-9182
-1516
8500
-1589
-6387
-5045
-8339
-6516
8824
3111
-1900
964
-2292
4561
-291
-6385
115
6489
1843
-8652
-6423
-8566
-5655
-8569
-7726
5183
-9686
5750
-9116
-2736
-3171
-6920
-2850
1630
7607
-3178
3750
-568
-1772
-7959
-70
-4093
9781
5432
2199
-9247
-1964
2210
6144
3182
9394
8975
-8271
9856
9051
-2787
7282
-7985
340
2560
8423
5231
369
-8906
9933
8689
-4185
-2677
1662
3536
-4861
8127
7011
-5457
-7289
9432
7279
-9905
-9379
-3629
9524
-2606
-6392
5908
8594
6439
125
-291
8801
-5732
-1628
959
-2540
-3149
-1896
-3098
-429
4910
-9608
-7663
8590
-5075
-6159
-9016
-7142
-2067
1652
-5996
8391
-4800
-584
-9122
8801
4056
4254
-7713
-5165
2346
746
-7766
-1987
8553
9197
2691
5994
9558
-2903
-5129
3723
7499
4150
3445
-3801
-3092
-1424
-3731
-4884
8042
3064
-6864
5614
4941
-6820
-7433
8724
3922
4459
-6493
-5925
-9212
7969
-71
1870
5486
3170
-8220
-6426
-2953
7883
-5655
8247
-9324
2281
-4193
4928
6668
5259
-5319
-9888
3339
-6806
87
-6489
-3479
-2631
5404
9690
1593
-4609
3326
9372
-3694
-4003
736
-1068
3832
1568
-1008
4904
-1823
-2260
6555
3338
3379
9871
414
5865
-4102
5789
9250
8420
-9533
7877
-2602
8590
-4085
4826
3691
8854
-4785
-2161
9196
-1609
-8766
-4614
234
-5047
2662
-8803
-5680
1865
8193
7541
-9833
9556
426
612
2213
7107
2810
-3810
-8363
8190
-7593
-7026
-663
-852
-6899
-9195
5022
509
-5223
-1636
-1476
898
5796
-4252
9484
2430
-1535
-9272
-7800
-7224
996
9485
5798
-7200
4346
5310
6591
7332
-5364
-5844
1525
4716
-4109
483
1890
1074
9223
5898
-116
2905
3949
8378
-8639
-7185
-6678
-5297
9635
5116
-7752
869
-1243
-360
5194
-1273
9643
4241
-5884
-4207
-8598
-6672
-6721
-2717
9346
-29
-2878
1367
-809
-3364
1722
-6531
-1559
9817
4348
-6338
-4245
1997
997
-1381
6434
2039
4366
9909
6
-1261
-5876
-9467
8347
-8562
-1161
-1347
1264
-8047
3667
-4773
8657
-4834
-126
-9949
-3339
-4155
381
3081
-9717
96
-4379
-318
-6380
4205
5454
2767
8203
9969
932
-8331
-3803
4188
-6247
-6400
-4360
-2131
5546
-5397
3072
-2964
-9637
1992
-5196
-6704
-5084
-2080
-4216
2831
1679
-9579
1434
2078
-8606
-6018
9428
-7516
2808
-1282
9150
-6179
9701
6423
-9217
-9987
2684
9472
-893
8997
-7700
5162
-5845
7491
-7319
3292
-9353
-4464
1623
-5211
7160
-7422
8995
9842
333
7483
-6789
-6188
-8472
-2500
4612
-585
-8790
7575
-3753
6653
-4892
7014
577
-826
7132
5369
1149
8213
5880
4290
-1875
-7251
9196
-1155
-1094
-8120
5143
-7827
-4878
-4808
-6020
5688
-616
2382
2249
5100
-6265
-5358
-7748
-1811
9477
-2733
1100
-8974
-7680
-7464
7203
8588
3818
2741
-4596
-9003
-605
-322
9341
-5610
-3601
-4036
5274
3297
7176
-9338
8547
-3061
7465
5314
7449
-2058
3614
5950
-5412
-1619
4539
6844
9745
-1711
-77
4347
9980
-412
-3049
-1867
-1201
8664
-7378
2952
9074
-3185
-8601
-1295
-6811
-156
765
426
7772
8518
-5645
-3621
-4434
-458
-50
-2304
9782
-8791
-8383
9679
6467
-1527
305
-4170
7516
-2021
-8609
-7116
-7239
2595
6369
-5114
4833
7278
7786
-5212
-333
-5775
-2603
6420
1531
-4652
7427
2928
3860
-9084
5646
-4787
-9997
9548
-2409
9328
2834
6687
7039
5337
3553
-1960
4660
-5856
1632
-1487
7035
3120
-852
-914
-7577
9345
1033
4411
-9136
7962
1619
873
9614
-8685
-2206
-4515
-5805
-1575
931
8740
7234
8786
-5333
-9847
2007
6520
-1999
583
4148
3590
5977
5725
4631
-2788
-8618
-1273
4782
-1891
-2601
6011
4243
4142
-2458
-9010
-6088
-1219
193
7920
-6334
-4583
-7609
3253
2767
-1167
7783
7099
3599
-439
4136
2966
-1140
-7548
-2519
4469
8849
1837
5363
-9915
5491
6140
-892
-7718
-489
-7869
-5683
7555
7186
2135
3746
-2700
9011
9427
5308
-8690
-9369
-5968
-710
5009
6586
-6260
2273
2359
-4637
-6098
4078
8987
7073
-4046
-5393
-2201
-19
9296
9644
2049
-8566
-5555
7071
-6332
1119
7313
-6811
9210
-5983
7819
1373
-8722
2647
-1335
8958
-1527
-9207
255
-3773
3414
4230
-8096
-21
7025
258
-8917
3205
547
-6008
9415
695
-70
5858
-6883
1097
-3591
6429
187
-120
-8023
2795
1867
-7447
6879
-9444
-1203
-3524
6032
2338
-5872
-2619
3961
1688
1377
7227
5511
-4670
-2449
9497
2415
-5449
6500
4959
3941
-1428
8436
2214
-8829
2058
8391
-5835
-2610
-3282
9358
-7418
7485
736
-3704
-7657
7423
8631
-5808
-3778
-583
7751
8681
-7811
-5959
-8941
-8177
-7470
4090
-1106
29
7672
4198
4598
-5021
-2922
-6919
9168
7314
-2394
274
-1375
-1801
106
8421
-5973
-8993
9066
4027
357
-1865
-5368
-3967
592
702
-6169
-9161
-8913
-1735
7673
6795
-108
-2606
1878
7377
-4109
5662
-4829
4539
9979
7642
-6311
-1310
-9997
-3232
9244
-6666
1240
-2769
-3848
6764
-263
-1616
-944
1981
1711
-1676
9174
5417
-3663
1217
3674
92
-2510
-3295
-1288
-1055
-9826
2058
-644
-9497
428
-7653
6827
-4402
7135
-6083
1682
3933
-6148
-4020
109
8704
5868
-3211
8832
-2766
9631
-4501
-7814
3260
-4307
6136
-6078
-9564
-7017
3010
-5610
-5316
-4383
-886
-7063
4887
-6586
9305
-1776
2139
-6903
4423
1394
-5782
8243
832
-3342
-5478
5806
3774
-9220
-9533
-4529
5227
-9793
-5420
1145
1094
-8779
-5637
-1764
-3476
1700
611
-8472
-1102
1852
-2057
-5307
-4180
-3274
-4587
-5165
1381
-1995
8229
-5589
5238
9696
-4600
-8136
4441
652
9116
-2691
888
6855
-8148
3178
-5281
-429
-5603
-2548
-1874
-6549
-4878
-7818
6735
7467
-6926
549
9940
-5736
1629
1315
-2712
6256
-184
-6095
6648
-6117
4654
9535
-9015
-9473
-4458
8632
4048
817
-3430
1086
-9590
-9746
-4951
-417
-2915
-6083
-8735
-9107
-1649
-5477
-7639
-2050
-5954
-8528
6386
-9371
2606
238
5719
-1653
8148
3722
-4413
4134
-1071
4481
-5468
-9704
3064
-8728
1335
-8735
9669
7481
-9188
8858
-8805
-8666
-9395
500
-2055
-2660
8523
-316
-1773
7274
8681
-9596
1968
-2012
1693
-4055
8783
6294
1387
-4693
8089
5296
1085
-5550
188
1239
-4784
3948
-4911
-7854
-5205
592
-852
-5620
2716
-1511
505
3650
-6739
-5539
1335
2858
-5621
-6674
-8424
-28
-8344
-7893
-6460
854
-4395
3912
-3025
-4634
6944
9921
-6180
7253
-5899
-7569
460
-4486
2141
-3597
-3499
-3719
8471
5468
6708
-6772
-1749
9544
4297
4551
-3331
-8028
-5630
-4298
-7771
-3205
1972
-7377
5527
981
-8196
-1050
-9826
-2882
-832
-6495
5165
-7094
7560
5153
-9398
796
5933
6162
-8339
-7563
986
7473
-6960
-4356
309
5516
-1991
-5209
9640
-7702
6269
-3486
6861
7656
4800
-3491
9754
-3428
9615
6127
7322
-6857
2299
-1712
-7662
-8390
-1832
-4730
7112
-5506
-3231
-1438
-799
4334
3498
5877
547
9051
6935
2272
1065
9705
8099
345
8742
1607
4433
3229
-568
-6795
8186
-2802
6214
-5371
1487
-5258
-8796
-2422
-7938
6758
-973
2615
4878
-1964
-4150
-1477
4262
-2722
-9870
-6350
-6149
-2048
8465
-7492
7308
7239
-2504
-2921
619
-306
-1936
-2779
-8208
1912
-3212
-9601
8592
-5599
-4258
-667
223
-266
4320
-1298
-9929
6433
-9586
-7541
9964
-7375
3473
6177
7665
9335
3617
-8477
9871
5119
1461
-8112
-775
9984
-1002
-986
3195
985
-7638
-4598
-719
-7932
-9088
-1206
2017
2008
-2705
5574
-6760
-12
7424
2926
-889
-9107
8732
-1673
-7082
-5063
-3689
-5504
9147
7964
-3840
2240
-3372
-8929
1450
-4589
-9000
-6399
1508
-5034
-585
-1085
9512
-5385
-8119
6299
-494
1483
-5838
-3149
-9335
-1759
5543
-1628
6651
-1070
-7555
-5427
3722
-8673
-930
-9757
-7603
8171
5571
7957
4222
5245
-4817
5513
-3556
-4143
4871
4897
-5981
-6034
2820
5394
2984
-1001
5731
-8853
-4628
-4155
5645
-7133
7986
1698
8612
-9473
8437
-7657
9493
7066
3071
1315
-9520
5905
4743
8939
-1051
-3239
-4387
8942
-3752
2707
5345
-1074
-7446
4931
-9975
1972
-9625
8138
-7232
-544
4578
5570
-8814
-4195
3970
-7474
1964
1991
1387
9180
8746
5342
-180
-7412
-5349
-8512
-3915
-423
7383
-3390
-2034
-1778
-7908
8261
8542
2751
-1762
-276
-6692
1570
-5096
9743
-9160
-8750
528
-674
6265
63
-7560
4041
-7451
-962
8818
-421
5774
-1296
2716
-8084
716
3149
6559
3799
2104
516
4021
-5036
9791
7439
6144
-2721
-7463
3675
4424
-6044
-8816
-2837
-8685
-7886
8689
3952
9335
-3153
-5401
3940
8762
-3991
-7190
-3117
8012
1834
-3446
3425
3989
8658
-6566
8081
-2163
9593
-8428
7713
-7704
-6403
-7241
7524
2287
-8963
-5545
-8368
9378
4543
3947
-6849
9329
7279
-671
-6303
-7307
-3031
6334
809
4469
991
4909
-9816
4740
2755
9840
-1775
-889
-2242
8230
6325
4209
-2200
-4870
-8281
-9860
-8069
-5842
5873
-2154
5808
1337
9744
-1877
-5390
-1923
6816
-8679
-4757
8782
-9825
-3418
-7456
442
3779
1902
-6360
-8921
8388
2813
-862
8681
-2377
5244
7284
-4653
-3405
1666
4935
-3184
-828
-2521
-4727
302
-2947
9104
-5573
4612
-6979
-4672
3945
-9399
5128
-4788
3928
-6635
-8534
8336
-753
-6152
-4334
3506
-3142
-7134
9277
8084
6275
-2313
-7349
854
-2973
89
-912
-2449
229
5048
-2963
824
5249
9617
-3246
-686
-8942
986
1390
4379
-5415
358
-5074
3447
-4921
-2359
5157
1944
9225
-1937
-2657
-1005
-634
6715
-5445
-1345
9628
-3988
-4407
-7549
-7705
2111
-3922
8728
1740
-6044
-3747
3324
1958
3950
-1531
-4537
5659
-7222
-653
-8713
825
345
7173
4416
9181
-2125
1590
4143
1134
-5432
2999
6729
-3103
-9361
9755
4754
2878
-9110
-9520
-8904
-7381
6572
8097
9651
-5932
2577
-9981
-4839
-2646
1248
9239
-7574
-1361
-6542
2683
5992
-2757
5343
1568
1980
9292
1668
5900
-8287
-4635
-3448
2061
-8663
212
-8087
-8013
3259
-3141
-8184
9121
-9484
8354
2193
2393
-910
3479
-2448
679
-9451
-3643
-3580
9866
-3418
-4079
-2549
2320
3639
127
-6479
6362
-6543
9397
-1437
307
-6393
-4405
6198
-810
6794
7727
7400
8340
479
-4749
6501
4041
883
-3119
-3593
312
3060
-3686
6179
5183
8298
3257
-2519
-9487
-1362
-6992
3783
-6011
-9461
-5250
1743
-6088
-9099
-6537
2901
6381
2325
7820
-4911
8175
1471
6445
-4780
-8364
-3401
7108
-7826
-1688
335
7798
-5637
-3731
2024
-6546
6325
2252
-5364
-7568
-3038
-4376
2285
5721
3326
4071
-3034
-1397
-6448
2174
9927
4753
9337
-1327
-2042
9283
2737
-6488
-2200
3968
-1073
-1324
-1779
-8361
-9762
7158
-4791
913
-7072
-940
4221
2111
-6776
-8813
7423
6079
1549
-6689
-8592
9360
-4637
-3396
4286
956
2745
8053
-9844
-6757
4723
-7563
-9297
-4095
3607
-7320
-5797
8034
-1862
1567
6428
4553
-3085
5660
-9692
134
-8802
-9720
5498
397
-8158
6654
-5682
-5908
5036
-2829
4344
-9088
-576
-2810
-9125
-6587
9885
764
2665
3420
-1767
2039
2627
8367
1864
-976
4898
-3933
9081
-9537
-1768
-6772
-4909
187
-255
-6887
-7062
-8296
-5652
-5555
2093
-1992
-7308
1615
-9928
-8468
5410
2250
7297
5269
20
-3623
8734
4699
3237
-7863
-5608
9285
2639
-7117
-7118
7924
-9369
3954
2928
-9371
-9573
-2922
-6699
-5454
4473
-2389
-406
-2585
-2148
966
3914
5900
3293
-3054
5484
-220
8840
-9344
-3067
-6409
3374
-8774
-6265
2233
6346
-5326
-1753
3977
-8019
-8837
6017
-7175
1200
456
-6309
302
1344
-2197
-5680
-1643
8388
-3459
-6746
6503
4858
4942
-9563
7216
-1372
-5208
-650
-3841
5325
-3033
3535
-8130
327
-9939
-3048
-7857
-2476
5973
-3275
8724
-9495
-7655
6260
-2457
8855
-9045
-8313
-1140
5577
7907
2146
5314
9867
-4145
-6950
6039
-8461
-6031
9424
4154
-8851
8377
4973
-3104
-9022
6711
9240
-2624
9592
700
8880
-2378
-8509
-3989
-4826
-1539
781
7862
-3241
2357
8775
9491
4402
-4347
8558
5825
-2295
4255
4359
-4465
-6579
6786
7287
1845
4902
819
-6159
6491
3943
9416
-2272
8917
-3963
8003
-3876
1377
-4774
-9466
7670
-8575
-3053
1353
-2367
6226
-1064
-2112
4501
3856
-6038
-3831
8741
4290
4476
6666
-6967
4819
4638
2475
-1844
2402
-7544
-2508
-3551
7487
-2523
3464
3011
-5182
904
6692
1342
9056
932
6103
6535
-7520
2150
-9532
2638
9119
-7385
-1764
-980
8784
9601
-1793
9770
4439
-4207
6513
2937
-7227
1630
-8397
7409
-909
-3869
1712
-9669
6425
8597
-9443
-98
8100
3922
-2697
-4994
-5872
3612
-4972
-9715
1343
3081
7619
-4871
683
-8076
1702
-7563
8177
6401
-5424
-8931
7193
-7665
1208
-833
-8554
-6209
4411
-3558
-6353
697
3995
-2117
1779
8322
3843
3851
-645
8738
-8270
-9409
-7907
-9650
5326
-1309
4496
2288
-1104
-1419
8533
-8830
9386
3938
-7105
7646
-4221
-6203
-2576
-5542
6676
-2504
-9690
-3958
7253
2685
7643
7888
-9310
345
-3637
3088
1927
-4105
7253
-1856
563
-3031
5992
-7808
8816
-4688
5664
-4797
5810
3992
2688
-7441
4792
-2856
8892
5125
-4581
3600
636
626
-2768
8499
4979
-5922
-4311
-4409
-4057
-4789
2537
-6198
3518
5014
3696
106
-3785
8176
-6742
1948
-6206
-45
-533
-2390
3680
-9006
1257
5837
-9796
7183
3324
7678
5263
9697
8770
9944
4412
-2852
5753
9496
-9023
9469
-6546
-6090
9105
-6993
-8728
3934
-7901
-8637
5496
-2905
-879
-4981
5037
-9611
7628
2451
-7507
-8273
-5868
3615
3883
6614
6631
3284
2877
-2966
2678
-818
-6807
4062
-4773
-2698
181
2644
-3979
-9495
-9109
5123
-7109
-7167
-1026
5602
5335
4212
9817
-8095
4254
3268
-7449
3702
2985
7905
6160
-9454
-1024
5838
285
4105
707
-5317
-2501
-6471
-345
2622
-7657
-6137
-9973
-2156
-4221
-1456
2993
3912
9411
-4820
7621
1080
7931
-9099
-5537
3421
6876
5688
-6007
9525
5208
-4975
35
1068
6068
6013
599
-8097
-3388
-6630
-2711
-2937
-4158
-5549
-6098
-646
-513
6947
8875
-2585
6785
8664
-2365
2165
4150
1888
-3647
-699
-6713
4013
-3063
7047
2289
-6465
7161
-2186
-6585
1126
-5613
8436
6941
2282
-3676
6043
8858
-5572
-3338
-7280
3151
-3654
5287
7024
3002
-444
-6982
-4734
4990
5522
-8886
-1657
-1002
886
4997
-852
9254
-2999
1696
-5757
1711
8214
-2052
4216
4164
745
5706
-3999
7996
2007
-7016
-7887
9937
-6441
-8145
-6181
-2473
-5270
5652
-4469
-5154
6464
-8594
-5427
-7118
7034
4842
-7603
9815
-3133
3642
2251
-8815
9984
2405
-7868
-5554
-9253
-8476
2420
5780
3122
-5158
-9107
-3027
5155
-3795
1716
6518
-4147
6580
-9187
4960
-5333
-228
-9364
8238
7619
-1591
-74
-354
-6509
6866
-6944
-7633
7892
9775
-2123
-4323
6992
-8659
4731
-6083
7139
-3459
6480
-4783
9835
5326
-264
-8279
-8985
-949
2153
-1043
-6092
-7243
935
-610
1860
2522
-8802
-3506
-913
4824
-630
5226
1926
6914
396
1810
-2057
8106
2260
-4705
2996
-7775
6379
2822
-8401
3015
-5715
4390
-9693
-106
-481
552
7373
-737
4644
-3364
-9546
1246
3566
-6954
-9764
2579
9916
7430
-5527
894
1871
6888
788
5446
2814
3962
952
-4796
7997
-7821
2193
-3498
-3058
8509
5248
4106
-1926
-307
5904
-2099
5498
-6030
-1723
-8265
4835
-1501
-7165
-9485
2053
-96
-2671
2355
-1243
-3500
2478
-9400
-3946
5823
-7157
-3070
-9046
3661
7353
9282
1908
891
-1289
-991
7699
-3107
-6967
2013
-5828
5121
-2659
-8839
-9772
-8116
-8769
6950
-8070
9164
9328
-716
3803
1604
9228
-616
1530
-9044
698
-8621
2452
8107
-9202
7785
-6923
5583
7613
9518
3421
-8602
-1939
6841
4077
-5156
635
1804
5614
-8557
7169
-5322
4672
5195
-9981
4261
5924
-9554
-4722
5611
-961
2618
-7253
-9079
-5882
-6798
-5277
-9357
-8316
-8238
-1725
-514
3444
8348
-603
9041
-7754
-5877
3236
-9650
-2905
-197
-555
2676
-504
-3492
3825
7158
9286
8745
147
-1349
-3712
762
-5910
-5895
5428
-8255
838
1185
3907
-1612
-2002
2537
6695
5891
9737
-3524
3729
-2514
-9981
-4631
2240
6661
3607
1196
-6489
1068
9886
6015
-6278
-8188
6238
-7721
-8203
-3203
2506
-9279
1898
4926
1525
9584
-852
-7065
-4722
-5708
5544
6549
-978
-6007
9958
2060
5523
9003
-9072
-1439
-6
834
7267
344
9293
-4671
-6580
-2466
-3410
-2348
-7518
-7943
2466
8368
3590
1891
5511
8677
-4312
-4768
2439
9379
-1832
5327
7036
6801
-1792
-7090
-3545
-387
-2131
-287
4582
679
-7325
3699
1376
2065
248
-6916
6284
-3948
1460
186
8121
-4697
-9714
-921
7950
2143
5287
6289
5730
-9899
-4568
7212
-8380
6180
9281
6898
8827
-4022
-8863
952
7073
-5676
-649
-8935
1130
-4289
648
8015
8536
486
871
3343
-6841
4562
4267
-6409
3063
-9780
2003
-2100
877
7440
3326
6540
9691
8019
-6814
-9502
-1849
6755
3174
2563
-8903
9122
-8587
8112
-52
6623
4133
-7787
6609
6003
-4647
-6185
3318
-9468
6732
-1348
9406
6845
2649
3421
-865
-4462
-3094
-3713
7954
-3469
9234
3240
-1071
4485
3047
-3866
-8101
-6816
2744
-8837
1946
-1950
-8005
-1697
-952
-2287
4532
-6959
2100
-1576
-9908
-492
-1330
4745
3175
3915
553
-6665
-729
-7647
4510
-3477
5439
896
1194
8715
8280
6519
7763
-8629
7804
-5866
-1739
-3488
1085
5015
-2825
4144
-6530
2742
8843
5809
2926
9360
-4713
3808
-3686
-9019
-2190
-3479
286
-8330
-4429
-9606
-8914
-7767
-6696
1077
9599
715
-3893
-6001
2305
2458
53
1206
3023
1169
-5435
-7544
-8694
-4453
-112
5092
9811
8334
-4306
5412
-8391
1570
-7893
2570
-676
2466
4255
1945
4586
4017
-3784
2529
1265
7541
3956
-1056
4492
-3620
-6704
6638
-3224
2873
-7108
-5168
-8321
331
5007
-1097
-1345
3352
-4383
8169
-4665
-4129
-1931
2691
-6610
3284
6166
4133
-1317
-1261
7751
-2690
-2457
-1066
-7323
2168
4092
-3340
7139
3965
5778
-4667
3637
-2646
-4063
3874
-2516
-7730
6406
6641
-7352
5897
9659
4053
9125
6563
992
-5360
-262
-3338
9547
1896
-256
1179
-5224
9722
-5706
2698
8191
5880
8154
-3294
-5526
8375
-6847
-3282
-147
1094
9141
-7796
7993
-5637
6987
6582
-7483
-7602
-2949
-4402
-6906
-7113
9005
-1063
3869
-4522
-2810
-2123
9206
2539
3951
8379
-7185
-1455
4494
-6787
8759
9179
35
-4898
-6853
-8947
288
8607
4744
4181
-7255
-6640
-9117
5716
-1840
-2806
-5157
-5052
-3223
7594
-5908
2324
2364
9605
1478
7458
8198
8728
-163
1373
-6916
126
-9315
-8110
-2715
8929
-1386
4662
-9888
-3896
-4266
1734
-3961
5547
-4306
5268
-3559
4131
6469
2002
1225
3482
-9702
-9306
-5678
-7508
-8666
-406
-9629
4409
6303
9367
9422
5538
6555
-7221
-6101
618
2368
9452
9735
-8268
9578
7551
7940
9482
8611
-4053
4694
5923
-9926
2328
2361
3461
2904
9226
-5526
-8878
1252
-233
2164
5354
9466
-3614
6817
3104
-9605
-3193
9795
9953
9927
9079
-1303
4497
6252
9039
-2949
-8484
5797
-4635
-5588
-3731
-5854
502
8587
957
-7444
3601
6455
2890
4738
2939
-4221
-7108
-6519
6464
-5878
7452
2673
6150
-179
-3393
9040
7209
7650
-9252
-99
-1170
-1381
-424
6821
23
6222
-8090
2661
-5348
-1549
3453
2257
-4252
-3973
92
5659
4783
6117
-5058
787
-506
8740
5342
6499
468
8222
-6222
5404
-5047
-4428
-1848
3481
6038
7373
-8957
1744
-8405
3121
5188
4451
7162
777
1016
-7072
-5797
2454
4997
1012
-4270
-4388
2113
2369
-5882
-7059
-7228
-1576
-8392
7747
-9114
7833
8994
8330
-8908
-9003
9514
-4529
6795
-7481
-7594
3700
-2412
-7465
9907
-3791
-6059
-7688
4020
-2747
-3253
2444
-7503
218
2753
-8099
-5559
-3862
-7025
-8768
5313
8240
-4243
1880
2183
1740
-3397
-4813
8220
-5526
1107
-7655
-6522
-2581
-5713
-3690
-1208
2126
-461
4688
-907
8630
-63
8324
8433
-9470
8748
-4496
2142
-9818
4685
8604
6165
-5343
5439
4905
-5970
-18
-9887
-7539
8078
4093
8539
3406
347
-5105
-6862
1487
3076
759
-1559
4476
3302
-957
-4709
2903
-8308
718
-2748
-9597
750
-4046
-4252
9982
-8418
-5652
-1712
-264
1591
-2295
-8053
5178
-5072
5852
2173
5810
3919
-2792
-4951
-5372
8513
-3076
-6131
7286
-2917
-7311
-422
3863
9890
6960
6521
9279
-3852
-3108
7116
2293
2006
7412
-4523
-5901
8039
5631
2304
-7849
-4533
2278
-4925
-3538
-422
737
2992
-6842
-4114
9219
-2395
3434
6484
6456
8605
8798
3441
4054
-8078
4525
-9316
-2640
489
1128
-2208
473
-9506
-7360
-3592
7509
2795
-2332
-6393
-4636
9914
7939
-6810
4382
9322
-4913
9467
-279
8479
-2376
-7317
7509
7990
275
9789
5538
7195
-4120
3793
-9356
7265
-583
-7618
3810
-1049
3964
9678
9497
-1497
-8518
-4314
4000
-2697
-1513
6615
-850
-1780
9044
-6248
9950
-285
6441
7516
-3354
8945
4249
5842
9207
1312
-3404
3252
9478
-1331
1190
-7381
4008
7072
-5288
-4468
-7379
-3934
-4282
3997
-6437
3929
5908
-7179
-1789
-4003
-1091
3845
4662
5105
9564
-5156
-9335
3969
7482
-6134
8902
8164
1699
6288
1550
2790
-1442
-4180
4736
-3470
1972
-5601
6458
7678
-4101
-5512
-514
-5847
1191
3618
8590
-3894
-182
-4404
-3852
1166
-6482
5846
-2938
2588
-493
3983
-2735
-885
-4876
5994
2160
-8628
7770
897
2313
9550
-2477
1787
-6740
3885
-5692
-5679
5314
9240
8313
-9934
-2509
7316
5645
-4370
56
-7416
369
857
-2195
-9764
634
2370
-7874
5798
9010
2777
643
3884
-8392
7039
3735
-7961
2626
5153
-5032
3940
5605
-5154
-3067
863
-8288
7759
4623
931
-7263
4960
5521
2202
-3084
-3034
-1854
4131
-1947
1645
6426
496
-4085
-2204
8137
-5223
-8822
639
-867
-5347
7027
3766
9721
-375
1069
394
-3608
4226
8576
-5818
5633
-5104
-1620
692
-9175
7787
536
-715
9759
1204
9629
-544
-1569
-1252
1202
618
-318
3160
7985
-5797
-9584
2820
-478
-8739
-8455
-5357
3318
-8350
8895
-8345
-7354
3941
-7280
-6000
-3423
9088
-7740
1398
1323
9383
6468
6231
-276
3309
258
-496
-161
2355
4604
-6867
476
2321
6161
-8362
4132
-7677
-6993
3807
2738
-2854
6836
-6758
4807
9900
-4426
-382
-2682
-7838
9975
9428
4285
6064
-3439
-4299
5731
3265
4360
-9037
6910
-1618
-7078
7771
-7629
6411
3603
-8163
5497
2574
-7239
-4322
7229
4956
-3751
-6452
-1165
-2090
196
-9134
-9386
5249
5236
7857
7126
1308
-4962
2333
-6648
-4517
4089
-7699
-2397
8922
7755
5943
3682
2400
3702
6855
-968
-1873
-7481
-5184
-9021
4424
8559
5062
6628
-4156
-2587
-1539
-7846
-3186
5336
-1115
9027
-745
3639
1279
7688
4899
8773
3817
-88
4845
194
3769
-3952
-188
-7533
3591
-8754
-363
-428
-8395
-9318
-4366
3405
-7458
-806
5394
-1184
548
-9958
-7535
9492
-7929
1769
-9618
-9102
-8060
-1850
2688
354
-2862
4244
-4378
222
-8612
-9252
-7463
6814
-8061
173
9979
-380
467
5801
302
-6503
-5168
5247
-6934
-1223
-2708
5705
3531
-2530
-8261
-3028
8253
2478
2095
4528
893
-1530
1130
-8337
-9311
2369
-9489
9089
-3126
1072
-6244
9238
7308
2267
8836
-6200
9579
-4438
9272
603
-7612
-9732
-6759
5023
4071
-3349
-5452
3940
8799
2809
5623
-5811
-6235
5733
-4557
2717
1283
-3761
1818
6707
-858
6337
9961
-2965
201
-4177
3882
2568
5310
-7528
466
3665
-9745
3900
-4301
3159
7415
-2742
6439
6924
5178
4762
-2452
1665
2018
8039
201
289
8355
6223
-2228
-9971
6315
5216
9628
4620
-2125
-1410
-6934
-3337
-8478
6109
-8126
-7653
8731
-9142
5431
7103
-8591
5050
941
4288
-623
7997
-4120
3140
-2658
-1931
2839
2937
-8970
5190
-8210
-3769
9054
-495
3694
9086
166
-6898
-2219
-1397
-2586
7384
-731
-4330
-6642
-7890
-9844
-6812
2758
-7775
4749
9686
-570
6170
7232
68
-5058
9051
3001
-1092
-7905
6656
9461
-4629
-4290
-101
2889
1120
-338
-5307
-2084
1972
7442
-4326
2761
-3190
2028
4803
1351
5846
1659
2873
8707
3497
-386
2615
6441
8393
8846
848
-1465
6722
-5754
-1594
532
-8134
7148
-464
9196
-5857
4641
1390
5629
5565
-2681
-1398
-8523
-1953
9211
-4341
6773
3103
8888
455
-7629
-4933
5855
8332
5811
8743
1936
-1282
9427
-3314
-6449
-8538
-9615
-3322
5125
5488
-5420
5340
6507
6727
8244
-9336
-9866
4063
-3629
2781
-6518
-3752
-7337
9440
-7658
4426
1502
3734
-6889
-463
-8278
3472
3831
9775
-3116
8634
-3913
4187
-3519
3443
6135
-4642
-6013
-3960
776
-3235
-4762
-9625
7730
7357
7369
-5833
5092
9987
5267
2989
3904
6930
-2728
-8451
7569
-4477
3541
-7957
-4569
3992
-9829
5818
-7762
8287
-8333
-8797
-3599
6329
-8644
4635
-4796
3467
4485
2652
-6911
2110
-3789
321
-3308
-9955
-3695
-2729
268
7174
-9547
-5240
-1686
5991
3053
-5571
-638
-7053
-1727
8443
-5595
8019
7944
9128
-7614
-8906
-3355
-8351
-4791
9809
-1707
2667
3417
-2174
-7573
6351
-3671
-4148
-456
-470
7867
4653
5907
-6695
-936
-5964
3857
-9967
-2554
-9613
2790
4049
-5155
-5831
5737
3784
3957
5534
-8
-338
-7489
4531
-7992
-3101
6062
-7542
-1238
-9395
4181
-2086
-2835
5326
-1280
2197
-3406
-5644
171
9191
-5133
-8291
397
3733
25
-5421
-9172
-2480
-7861
6463
8297
9998
9550
5367
4560
4110
-8200
-8872
-4687
543
4366
5873
-212
-2277
7366
-7680
-851
5511
-3227
162
-6823
5698
-7233
-6676
2113
2053
-9358
-8657
-9616
8029
365
3966
2286
-5837
-5092
5478
6074
-8978
-2604
-963
-5080
6364
-2316
-8840
7625
3784
4605
-2211
-1108
4723
343
-1135
-5024
3422
2484
7559
9725
-1625
8783
3410
6991
8600
-523
5147
4298
-8912
-8014
-7012
-2923
3997
-448
-8572
-7576
6358
2110
6813
-9017
5738
579
-4496
4733
7141
1013
-3495
-5709
3640
6238
7801
9590
3234
-356
-9549
-5128
4644
6334
-1110
-890
-3639
-1982
-2514
4097
-5218
-7555
1716
-9205
7649
-6805
-363
-5473
-6195
7162
2099
-4883
6826
-9759
8979
-4583
-8077
-8875
-6311
4917
-2621
8159
5940
-9903
-3328
-3427
6058
8220
-5400
-2464
3899
-10000
-7477
2717
1763
-9255
-2902
-8624
-9860
209
-2917
3238
9555
-902
-4624
-9800
-4695
1867
-1392
4867
803
-2262
-8525
-4439
-3193
-4475
2468
-3500
-9449
-1985
1022
-581
-820
-4035
-9945
-2016
7399
4669
5015
-8636
-1972
-8858
-6174
2570
8338
3479
1411
-9563
6634
5894
2802
-2316
6969
1799
8385
-9830
-8601
-9614
3479
2867
-5987
-2760
-6221
1682
8459
-3115
1403
-9734
1311
-7843
5995
5807
-3823
-3176
-4194
-5049
8022
8134
-4217
177
-1136
4701
9361
-9571
-4586
-9745
-8222
-6555
-8476
-2278
974
-45
2258
2352
6719
7952
9796
9339
-618
6927
4034
-3455
4896
-5792
3057
-811
-9799
-3617
8213
7769
-7459
-3793
5095
872
7504
-1624
-5437
-4764
4711
3028
2931
-7481
-5623
6594
3194
5833
9907
1297
-2933
-9412
6128
-1646
-3119
373
9828
9128
2368
9708
4816
1831
9936
1040
7878
6960
8794
6844
-2495
-8633
3213
-9549
9252
5856
-6870
6981
9775
2889
-228
-7890
4174
8647
3758
-5822
1249
7572
-318
7219
-9140
382
8933
4442
-9698
-672
-1565
-6128
-2677
-3010
-6659
52
5491
3156
1779
7919
-3345
8175
1041
6787
-2960
1184
-19
4076
9397
-8544
379
351
2945
1236
1779
2086
1235
-3167
-7182
-546
9217
2604
-9804
-8204
-9545
-1361
-9
4830
5798
-1229
-4084
2220
-6825
-6468
1500
6816
-7549
-8228
3500
-8519
-7176
8202
6410
-4292
-2167
-7328
9207
-6791
1375
5834
-8535
8562
-9790
-7591
-3387
1475
-9057
-4579
2049
5857
-7541
3185
-1757
5310
-6192
1464
308
7455
343
1578
-9316
-2049
1295
5836
-1845
-4149
-8659
-9258
4721
-6326
7339
-4041
4185
5954
-1602
-4939
-6684
-2759
292
2130
5773
-5037
-6705
5973
5946
4582
8426
6815
-7512
-6011
7192
-3582
471
-2817
5024
-1220
5424
390
3525
1925
8522
7805
-8936
-3316
-9791
-7076
7320
7073
-7555
-5733
-2237
-6562
-8614
-361
5429
-6403
-3520
9808
-7747
-9548
246
2986
-8925
-2033
3036
-8586
7951
-9042
-9261
9655
-6241
6850
-7578
2349
-6667
-7539
6863
-5071
9210
-3841
-6174
-223
-7780
7284
-7100
1124
4431
7459
-6989
-343
-2889
4486
-6762
9841
-1176
8107
8793
-3094
-2004
8054
-9864
4684
3850
-7918
-5403
-9402
-701
401
8675
-4494
1669
-613
8789
8726
-6862
-7427
-7857
7049
5071
-3505
-1406
-7872
-4660
-2571
-5118
-8499
-2759
-3872
-4265
-3051
-3541
1177
-9924
-4683
-2131
4337
7042
-3441
1188
341
-9874
-9091
5688
-4907
6136
-7485
4241
2548
2555
801
-2653
7922
7119
-8868
-4479
1755
4474
1780
2453
-2253
-1840
-6231
8499
-976
1761
-1282
-5350
-6723
1501
-7954
3958
-5929
8690
-959
7094
-8739
-8341
4111
-7350
-4235
8671
-3940
3981
-3217
-9711
-9310
5883
-9598
-6561
-5822
7798
3843
-1734
3341
-9196
6883
1317
-4332
-2682
-1058
3401
-8594
1702
-3651
-3167
2690
-1310
-9490
2548
-6878
8857
2139
7417
1082
-8619
-4004
6848
3607
414
-2933
8219
3547
6551
8411
7145
-5904
-8525
-2010
4592
2681
-1029
-8825
8721
15
872
-815
-882
9721
-2233
6657
6927
-7358
2474
-8386
4523
-9667
-3201
3027
3978
-8429
6271
-9523
-5573
8262
-1196
-7096
-4498
4100
4859
6563
1534
-1486
-2494
7254
-381
-7798
9008
1024
-9544
5829
-4515
-4735
-9460
-7566
-9624
3324
4856
-8228
-6216
-4718
2336
-2548
-9849
-5424
-4409
-7033
6772
-8480
-2885
-5834
-6479
-8400
-106
-6382
1193
9166
5887
9217
-5110
-3763
3737
-599
-7270
-2541
3612
-4836
-7496
-2596
-8581
7390
-1549
6945
-6403
-3451
8526
7839
8822
-360
-4925
-2044
-4830
3825
-1542
-9757
9562
2226
-1840
2465
-9751
5645
-2345
-1862
-904
1104
-7731
7794
6049
893
-6705
-9635
-6133
-8515
-8201
-979
6409
-7632
-5039
7618
-9913
9840
5799
-9592
4272
-769
6109
823
-3251
-483
1034
-5856
-5395
5188
-7423
5072
-5832
7290
-151
8569
1828
8377
-6997
-811
7569
-1638
-9364
-4578
4557
7847
6020
-9869
4552
-622
-1445
9922
9398
-4380
-7773
-2738
-768
6358
9371
5598
6464
8951
-1265
955
-2998
-2187
5063
-3322
-5110
-2659
6732
9717
7058
3511
-2649
1261
-5388
-4950
-7668
79
-3388
-7541
-9928
5694
-2618
6716
2940
-8398
-8249
5912
-6005
505
5410
-1682
-581
-8341
4167
-4194
7060
3140
-7106
7983
8634
-7223
-1161
-2217
1242
653
-4201
-4807
-5966
1165
8328
4581
2130
-828
7335
-8637
9346
-9687
6751
-4226
-6478
6628
8407
8461
-6254
-6489
4125
2410
-1891
1507
8187
5385
-8163
-6837
5104
7668
-2497
-8301
-5022
-6856
-7267
6874
-6908
-6480
-8148
-196
-1991
-4502
-1751
7374
-7538
-7240
6687
9534
-1227
3740
-470
-6247
-385
-7715
-9169
-4306
-7776
2716
3068
1151
1932
5390
6940
-7341
-5828
-5091
-8677
-5453
-2554
-8734
-9241
-8771
6880
8793
7784
897
-5337
-8396
-2214
477
6020
6145
-2778
-7918
-4112
3312
-2960
4907
4776
-8146
9346
1426
5024
1264
5532
-9923
5423
2122
-480
-2137
3209
-4753
1746
3638
-2287
-3538
-1803
102
-1644
5609
9737
-3692
-3640
-287
-6307
4696
-1188
-4528
279
-4296
-9938
-9619
-2334
8588
-1217
4093
4813
7923
2888
8354
-1457
2187
8609
-446
6518
-2766
2354
-2588
-8993
4304
1820
-6613
-5906
-1850
-3190
-3187
-605
-1393
-5505
9143
7632
-780
6644
-2591
9156
4644
-7031
-1850
8938
2147
7508
5233
-3421
6305
-2904
5247
4456
-8945
-3604
5403
5013
-9707
8304
9231
-5125
-3409
6505
4821
5434
5267
-8264
4190
9848
-7944
7634
4365
-1668
4924
-2481
6297
4932
-8123
-9801
3595
-6014
-3349
2848
-7854
4907
2121
1940
9564
1302
-2932
-5979
2142
-4046
-8303
-769
5470
-1651
6106
1193
7390
-6746
4873
-9109
-9305
2226
3331
261
-8599
-5646
6258
-5174
8286
3437
-9760
-9343
-9571
2890
890
712
6707
2957
-5436
1278
-657
1077
-6167
-8145
-6512
-4900
9714
-4060
-5793
-2589
-9820
-6017
3616
6239
-1192
2923
48
-8454
-3128
-1921
3335
1846
5528
-8144
3739
-1089
3585
2292
5311
7738
4190
-7341
-9079
-7440
4070
8887
-3129
8674
-4887
-3390
-6347
-8238
2169
-2107
442
-2253
6123
-9763
229
8013
7536
-7078
-261
-1675
3928
-59
-9956
4684
-3736
3988
6965
3749
-4479
-3731
1400
2939
-9669
3022
-4461
992
9453
-3665
9762
3704
437
8574
-8629
-63
-2300
208
-8433
-6828
-3922
-4653
-5829
-1104
9150
-9714
-7611
-5584
7070
6904
-2560
6244
-3054
1482
-5016
-214
-9836
-4472
-1537
4
2082
-4677
86
9193
8209
4238
-7701
8772
-9419
7857
3067
4187
1264
3726
4951
-1067
3504
-5800
-3760
-5250
-9413
-5993
-9786
2149
-7298
-1901
-5453
7027
-1855
-8695
-4006
-605
336
-4643
-5261
-9945
5189
-2223
-1303
7547
2845
3970
5340
3693
-5384
-3781
2245
-6582
-8721
6262
-6361
7304
-3234
1286
1596
4019
9892
-6057
-67
1792
-1155
-8659
8454
4727
-9956
7928
-8607
940
6148
8920
8442
-3246
2341
9315
5786
-2413
4931
1327
6354
908
7141
-5352
-3182
-1780
-9950
7768
-1433
2615
-6428
4724
288
-8992
6527
8914
-4884
174
-575
-3105
2052
1573
2139
1763
-2124
-9975
6976
2024
-4580
-4325
-8501
-6222
-7293
-3943
-6394
-3776
7423
-4718
8788
-4585
9355
-7557
3707
-7987
8134
-414
-5000
-4344
8343
-7911
-8141
-3603
4335
9127
-5998
-8900
7762
3161
-7076
-2723
-5177
7565
-3096
-7073
8358
1787
-3658
-9968
7634
4559
-6522
-4517
-3236
-4141
696
8171
-6669
-1971
464
-4576
4125
-5047
7909
3535
-8941
-5051
23
7430
7303
2636
-3488
1136
2338
8533
-2039
6154
-8525
6224
4104
-7727
-171
2538
1941
1471
-4688
-871
-5267
9741
3749
7267
3064
-961
9147
-3667
-4383
7903
7629
1497
-1558
-928
4647
-241
7920
1605
299
2323
3093
-98
-1576
7423
392
6382
1829
3764
1736
-6554
-2924
6636
-5178
-6265
-6348
-4947
5267
1312
4723
-2042
-2861
-5872
4693
3726
767
-4349
-8314
7675
-665
-6230
-3167
3666
-2495
3306
-2157
-5287
2237
-8615
5322
-1906
-3102
-228
-217
4122
8175
4797
-6242
1831
-9603
-1680
6453
4719
-3540
-7962
9061
-4881
-2176
-2330
-9066
6974
5893
5803
-21
-8078
2478
824
3889
-1330
-7583
-8085
-2362
-1029
-2319
-536
7284
8083
-66
6117
2010
-8495
-7297
-3372
-7201
-1272
281
1158
-7276
-6063
936
658
-28
-6953
-5908
7146
4156
6038
-85
-7109
-4371
-9511
9023
552
-7360
3984
-9480
626
-716
4302
6680
119
-6453
6209
-3903
-3187
3821
-6834
-440
-1151
-5507
72
2180
9713
-637
-5657
-7680
9806
-8987
-3782
4656
-9580
-5629
-1771
7979
2737
3877
5038
204
-7861
4551
609
-9012
-4469
-3894
8716
-3095
-7364
9289
-7364
8784
-7893
-8695
-9875
-7023
3212
-8622
-9740
9527
-3478
2486
-9177
-3407
-8852
-647
9933
8190
-6951
-3983
-7739
-5430
3122
5277
-7024
8082
2782
-866
2312
5172
447
-3423
8395
-6538
9246
-1762
9120
-9467
9492
861
-6048
7807
7626
-4286
2087
212
24
-8926
3803
-6200
4054
-932
9029
-7631
-2826
-5216
662
528
3101
6188
-3666
-3058
-4387
-7207
7031
-7018
7797
4066
-9268
5340
-1371
3270
-3217
9562
-8710
4004
603
2484
5567
-2982
6840
-6848
2225
-6339
9920
-3003
9013
-8110
2737
8026
3632
-8854
-3262
5894
6282
-2976
-6490
4576
7518
-6763
1139
1421
-9261
1943
-5938
-5923
4692
4313
13
3955
7345
9134
-5885
-1150
7644
8841
9644
-9117
-5518
9564
-4496
537
5256
4752
-6588
1088
8765
-3763
9913
672
-2369
3151
-931
-1602
-4996
2102
2476
1396
-1217
6959
2562
-3321
-1720
-9214
-7678
-7109
-1373
-9957
-5409
1214
6903
-258
-6973
1730
-9068
-3703
3690
1279
-5993
-2352
-5239
-8186
1466
8974
-8716
-9757
4252
-7721
-5069
-1256
-1666
351
-2515
1219
-5341
1630
-5005
2451
9365
3055
6870
6894
451
9642
9421
2257
2096
-8878
7967
-2306
-9646
186
1505
-9292
9616
-1923
-3507
-1667
1909
-91
9321
8355
8817
-9140
6714
-870
-9252
-456
-3513
-3203
-9215
1471
5062
6743
-78
5565
4858
7931
8648
-6851
7217
-1505
-3825
6082
-3478
1665
-3810
-7639
-413
-2054
1823
1667
7160
-8346
2580
-3171
9036
7280
7183
-2244
-2964
4879
845
3038
-6316
-2719
-8127
-6345
2821
558
4565
-7692
-6823
-3681
6511
-5474
-900
5617
-3977
-7258
-5430
-5806
-1525
202
2242
-7804
-1833
9672
8046
-1147
-7592
-9332
-4088
-336
-4165
5923
-8679
5722
-8065
9702
-4058
-6794
3768
-7165
-7011
-357
6667
-6901
4087
2063
1064
-5276
-78
7672
-369
2606
9404
-5813
9321
2877
2641
-6382
-7927
-2755
-2758
-7977
825
-5822
1215
-2398
4187
9169
-701
-5956
-6410
8917
-7861
-8248
5563
-8451
5092
1391
1151
-4449
-7361
1054
-5614
8873
8732
3070
9915
4976
8582
7472
-7706
-671
5167
-54
-6443
-3586
9522
8556
-6833
2743
-1519
2470
-2713
5388
-8657
-352
-829
5859
6732
-3705
-5632
6122
8324
-7460
9041
7040
7373
9393
1316
7658
2679
-5711
-9889
-8253
-5542
6945
3782
-3358
-4400
2652
-6385
-9546
6510
-9351
-8916
7285
-4768
-8914
1801
-2586
1977
9808
1666
-9128
-6654
-639
-5877
-3664
-7959
1096
-6894
4543
-7231
-7318
-719
4533
-8901
683
6430
-8295
-361
-9239
2124
8872
-5428
-9924
-8262
-2551
933
6177
4201
4333
-5426
-1039
-418
-7308
7492
-1180
-7118
-6709
-8179
-9967
-1990
8442
-425
-7315
-4838
-5164
2329
-4380
9627
-8330
-2830
6569
5225
1160
2621
-6300
-5296
-1082
7678
8569
4157
495
-8161
-8869
1137
-779
-1673
-6216
-9665
-3264
3128
-8382
-2741
-5421
-8781
3425
1586
6918
-1359
9967
-3260
-9885
-4270
944
6435
7616
-7814
-8922
2093
-7591
-6501
-1273
4902
1787
-8529
5864
-5667
8607
2931
-5544
-8436
-3358
7906
-5160
-5281
4696
9633
3225
-8699
9207
-3
1575
-5389
-9280
-430
3589
3907
148
4021
904
-7874
3368
4650
8611
8063
-747
-7337
2381
-5169
5882
-1635
7102
-2760
5704
710
6546
5494
5000
3432
6996
-9636
-1547
-350
-1500
7438
6509
-5392
5696
-9311
6615
-6715
-2718
-9161
-1971
-350
1961
8720
6516
-1240
-1998
-7332
-8586
-3984
1994
2108
-2003
-9699
9484
2260
9048
4777
-1200
3970
-5715
-2588
6037
9262
2482
-8398
-652
-5953
4750
-7974
-9443
3300
-7199
273
4155
-8412
-8126
9845
-9111
8408
5475
8605
-5821
6349
-3028
-5742
-1229
1795
3589
4205
1567
-583
-4999
8153
-4984
588
3987
-6508
-4545
-5263
4098
5436
-3878
-3839
-1479
1160
6504
9020
3847
-996
-8743
-1610
8415
639
3639
671
424
-2813
-3794
-2518
-7489
-123
7112
1787
-461
-3751
-53
6445
5478
669
185
6688
8492
-4129
3700
-354
-9761
-4912
-9151
2640
335
4461
-7583
-2322
-4443
3523
2048
-8943
-5527
3469
-5039
-5330
-6044
-7164
-5674
-4727
-5781
907
2436
-2623
-9975
4456
-8576
1530
5676
3566
4832
1168
8370
-4078
1984
3554
-6772
-7359
-6653
1189
-3032
2664
4600
-3610
8213
-8565
9513
-2814
3643
1095
4158
-9883
9613
1547
6287
5134
-4431
-7889
7649
9460
7896
-9170
5989
272
-1405
5582
-7645
-6824
-6801
62
9879
8281
546
4256
-1611
-8317
-3362
-7454
5850
9019
5567
2810
-9752
-6874
-4972
3327
6233
-4691
7123
2598
-6633
-2029
-3988
-9602
1699
1
-8931
-1850
-1758
7899
-5129
2424
-378
4903
4268
1537
-5199
6628
-4634
4928
-708
3573
-9096
5501
-4188
5425
6290
-7713
3944
470
9938
-1729
-136
-8873
794
-9609
5753
4338
7882
7539
3436
-6584
-8014
-9820
-8846
-9230
2052
-701
9794
4287
-6651
-9096
8643
-4049
-9559
5377
-1796
4149
5263
3694
2807
6512
6186
4812
-5279
-7024
-2739
5371
-4380
7661
3489
4036
-9029
-2569
9945
-9935
4224
9248
2473
-1653
4412
3948
4900
-7673
-3747
-4909
9329
4677
-3165
4612
6982
-5476
8745
-7215
-7084
-3497
-1469
-970
-336
9526
8198
-5875
1781
-6146
723
3468
-8382
9831
3778
-5144
-7906
-7924
3955
5261
-7505
6959
4705
3981
1720
2882
6135
5275
7022
8012
5958
-2468
7851
-559
-6204
1920
-26
9892
621
-401
-4733
-4889
-1219
-3359
7068
9680
128
-6216
-3668
2620
9091
-1182
3167
-7207
3018
3267
-4143
-7673
-7192
-3214
7810
-9476
-7922
-6307
-272
5449
-8713
-5227
-5150
5055
5289
-4963
3260
-9649
5081
9447
-5174
-9556
7518
-501
-6223
-3667
-7502
4739
4239
-2096
-1348
176
-7596
9052
-3798
5354
7541
8559
4854
2867
-893
5014
-1464
-4842
-3290
-9324
-6368
-2450
-9599
-9232
1395
-3925
3654
388
301
-5594
-7636
4799
-5573
2698
-5445
5629
5164
-2033
6242
7076
3013
7655
7637
1904
2458
4154
-3358
2010
2600
9418
-5352
-5176
-2528
-7587
-2289
6015
-6496
-6762
-4529
8325
7886
-7585
9319
7527
6583
-7283
-6620
5644
9033
-9175
-4909
-6828
1347
-408
7469
-880
480
-8679
7198
-6092
-80
-6078
-8684
-4980
4687
9287
-6510
-1290
7115
-9480
5131
2994
-881
9799
-7711
-7971
3252
-7352
3350
-6890
8705
4879
2319
1467
3697
1772
3594
3365
-6827
2044
7466
3770
-4931
-8918
-1013
-2066
3531
-7815
-48
-5907
-3810
5531
-396
-2846
2060
-6878
-46
8886
8109
-1686
-6079
6942
-2293
7588
-6180
-4769
-1127
6923
724
3630
-6918
153
-8754
-3332
-3309
3133
-1245
-8688
-7214
9673
-620
3720
9842
-6267
-1305
-1947
6427
-7382
1355
9348
2078
1540
9197
-3808
-5879
1142
8881
-1477
9256
-2156
8421
1406
-319
-8545
5386
9560
7268
6759
-9180
-2087
8566
92
-7631
338
-6884
8586
-7595
-8519
-2002
8025
-73
-7578
-9549
4616
3645
-3873
7463
-9646
6910
9271
-6025
-2440
5087
-6294
4128
4568
7481
-6996
338
-6049
-3838
8917
-7647
-65
-7897
-819
7558
-6442
9519
-7418
7762
3054
-6544
8906
3656
6465
3915
5461
9829
-3808
-6128
3019
-395
-760
-892
-8715
-1230
-9623
6376
2271
5241
-2745
3703
7743
-2080
-3690
4811
-976
7125
1565
-9780
4666
-8349
-2374
-4687
-371
2263
-3132
9792
-7322
-8151
3714
-9284
-3951
-7825
9118
-8117
-2260
-2991
8003
-978
5640
169
8387
-6331
-80
7177
9246
-2559
-983
3745
9914
4920
-7234
-2478
-792
3822
-9293
3658
-1499
-301
-4137
2108
1008
7270
1432
-34
3395
-466
1030
-7377
-4847
5679
-1521
7564
-464
356
-8910
-2999
-2462
4143
4391
4562
6765
-5022
-2698
9830
-1085
9761
-7795
-4250
-8005
2716
-1059
-8767
-189
-7542
-3369
5905
3864
1031
-1519
-9240
9966
3871
-1370
2546
-7062
6324
453
-5459
-4587
-6041
-7
2456
-8453
6806
9497
-9836
-9073
-4158
7569
-2114
-2843
-6770
-194
6295
-9090
-9022
-9704
-2299
-396
-8227
-9674
-8039
705
3326
-5173
1335
-4896
-8626
5503
4126
-1750
-2575
-7326
4160
-5186
-7887
4698
-7133
-8315
2092
-9834
8932
-6843
-4331
-8808
-207
-6650
7981
9812
-2508
-2272
6793
-2055
4818
3685
-1641
-9066
3715
7568
-7040
5173
8675
140
-9573
-9677
3101
-8865
-5733
454
-3437
-3890
7921
8655
-7584
2719
-199
6203
4551
4705
-9651
3831
2610
1653
6180
-4582
6166
2452
9452
-1162
-3302
-9808
-2698
8500
-4969
8375
9652
7374
1573
9911
-8152
-6488
-184
421
9302
5232
-3228
1564
-6158
-3218
7733
-159
-6933
-3963
9560
-1874
-1162
-409
-8575
147
-3635
-1762
-8586
9890
9200
-6930
196
2413
-80
-3315
9253
-5828
8680
4538
7430
8464
5235
9145
-5171
-3681
-852
-8700
8070
7802
-8601
5326
-6610
8633
-3879
-7522
-137
-3962
7414
6329
-1454
7741
-6593
-1043
-5251
-4395
5913
1010
-2456
-8164
-9393
-9686
-8978
-5354
-7606
-1271
-2135
-4097
-6776
6005
21
3877
3055
-8979
-5266
6826
-2410
-7012
-1040
-7007
5782
-1525
-6886
-3287
6679
-8849
-2719
-5365
7291
7665
769
-6238
3532
7728
9190
5304
-6327
380
21
-3756
7692
-5092
-4018
-7514
7028
-9242
-2174
2810
-9803
-6741
1654
321
-1831
2798
3120
9795
-4703
1479
9761
9517
-5493
8591
6725
-1226
2159
-7052
2708
-7420
-1358
2825
3764
-2941
-2139
-2026
3499
6824
3780
5092
-1626
8259
-627
9803
2538
-5529
320
1914
-9631
-2962
9966
-7735
6537
-9247
-1244
766
-4985
1844
-9367
4619
612
1763
-8401
7818
-4375
3108
5813
-9246
7292
-2913
2122
-2302
-5684
-7273
-7611
3371
1512
-6294
7674
2844
6007
-6922
-9424
-2941
-4682
-9844
8898
-6873
253
9052
-7581
-4477
7789
9592
3131
-7441
2005
-9189
-5998
-441
-523
8122
1119
-819
6649
-6218
8132
-5641
-9011
-6830
-4969
-4661
6442
-9274
-4977
-9293
-2092
3595
-3189
-5123
-2369
-1237
-9254
5428
-1656
8927
-6049
-9173
6955
-1633
-8176
-2590
3570
-7571
2839
4392
-4329
-7886
7978
-6148
-3868
3528
-5092
-9549
1401
-5922
8948
568
259
-2538
7561
-7816
-8351
2158
-9870
7828
-6530
9332
-169
-8270
-3986
-1168
-2379
-9107
-3649
1381
-6524
-6877
6863
-422
4335
-792
-9407
-3371
6229
-4861
1624
-525
3699
2614
6338
-2444
-8719
7366
9569
-6069
7576
7769
3852
4028
9418
8249
8265
-5014
2301
-1430
-3195
6993
-3683
7318
1462
-7642
1592
5173
-3
4028
-5790
-1250
-6113
-9691
-1128
1694
-4336
3059
1470
3290
6417
3754
-6638
-7823
-4752
2219
3552
8577
4989
39
-77
-7759
1071
3913
4335
2789
6511
-6010
-1659
7514
4563
-6902
-2955
217
-2305
-9276
1980
-7956
6645
-9403
8140
3303
1888
-5308
-6765
-4159
-9237
5307
-4712
6406
4489
-2746
9415
-3478
3764
-7326
-9194
-7000
-4417
3147
4370
1515
5808
-8910
-3799
9098
-4075
2833
-5764
414
6398
3835
-2621
683
-4617
7292
-250
-8120
-6378
921
2642
-2185
5853
8840
9125
-3352
-9829
9770
-8712
5375
-2942
8341
5778
3775
-9948
-6794
-707
8867
-1872
7095
-45
9803
-6437
9728
-6942
-2515
-2968
-1022
-6732
4422
-6959
3721
-4813
-8358
91
4883
-6428
-7038
-4848
-912
-3071
9640
-8376
2244
-3262
-1521
-5764
3218
-4534
-6534
-7869
5190
-9372
-7406
8676
-3250
-8499
2446
4168
-6793
-7516
6723
-8635
6277
4928
-9521
5402
-6857
7128
5665
-6660
-1810
2970
1181
4317
8439
-5949
353
-7140
9900
-5634
2150
-2648
4843
7112
-238
-330
-3604
-8423
337
-5711
-4665
2382
-8730
8833
-9346
-9496
-38
6328
-9546
2898
8003
2520
-6793
5947
6525
-8975
-8094
-7045
-9891
3410
-8623
8853
6799
4268
9729
-9013
-3947
-4178
-8917
4452
-8266
9018
9206
239
-1536
8816
4666
6471
6530
-627
-8231
5628
-1013
-8892
-3922
3393
-4530
5927
662
-3324
3732
4167
-4957
-4025
767
-1599
-9048
-7217
8729
-2692
8052
1620
-7942
-2051
-3912
-1836
-7533
-5222
2635
3926
1731
-5513
41
883
1869
9858
-4471
2482
-7386
1734
-2925
-9812
2877
-548
-5190
-7827
8017
2246
-2893
-7974
-2865
-1542
8990
-3697
-6250
-5837
-1605
-356
-9261
9207
9836
-1728
9149
2653
-204
1678
-9247
-2453
8257
-315
-4013
3035
8979
-8245
-8991
2479
-2416
6516
6996
8169
2828
-4805
5549
-3681
-7022
-3589
-2744
-3962
-1358
-3839
-7309
-2988
6426
-1699
-8672
-7363
94
-4191
-226
-1736
8078
-3269
8475
2193
-1369
-9862
4352
-6580
-9479
-5284
5535
3426
-183
-4873
-6413
3710
-8935
3157
-3660
4886
-1362
8742
-1464
2861
-591
5140
-1474
-4453
-1646
-8992
-8370
6134
2556
-3405
-8937
5289
-792
-7333
1732
-4677
-6270
6932
-2693
-375
1858
-9557
967
-1661
4801
2184
6759
-4950
9040
-6105
7863
2961
-976
2668
618
3565
-3458
5692
1262
-2570
-1888
-1803
8479
-2205
-1916
-7357
9945
5565
-8537
-1109
-9484
-6483
6140
2299
-9526
3361
1340
-4788
-6997
-5108
-5117
5153
-5692
948
3241
-6863
-3322
1800
5677
-302
-8653
2508
1377
-5025
-2888
2732
5205
9027
-5108
-5187
7207
8811
4449
3263
-560
4391
4929
3680
-3917
-3324
6694
-8512
7938
9235
-719
6793
-6353
729
7879
9365
-3874
-5538
-8343
6259
-1071
2470
917
-5662
-6591
2619
390
-8768
1733
-8777
8110
-802
-4839
1233
7521
1956
-9871
-3580
810
8837
-5665
-3371
-9382
-4395
9067
4647
-5839
2503
5814
8929
-5319
798
-8370
1811
-7235
-8333
4047
8122
-7871
6890
706
-18
-8179
-803
2388
7427
-245
2265
4955
-5438
9058
4474
6392
-9310
-2741
6716
9707
-1487
7373
-5901
519
2776
-2729
911
3056
622
4362
-8193
-5442
5545
-8604
-49
-9177
2175
7338
-8611
-2595
-6405
-4593
-2837
-6784
8338
-3738
9577
6843
-4698
7774
-351
1688
5761
-8571
-2452
2910
-6666
-3402
7456
-6166
7505
-4071
-2445
-9447
-4551
5081
-3624
3919
7829
-4201
-1466
9923
-6938
1407
-8418
-2477
-9487
6294
875
8340
-5957
-9176
-2791
3837
87
-5212
-1832
-9288
6647
1237
4088
2544
-9114
-817
-3599
-7072
4076
-5767
7932
3634
-1789
2612
-7171
5159
-9463
-2845
8410
-3115
294
-1600
3946
8893
653
7906
9460
-5491
4050
-9195
-9737
-1290
-7829
-9637
-660
8488
-8595
-863
3513
-4834
-5995
5088
-5156
2691
-7304
9555
5365
-4495
-4701
-8030
3101
-1026
-2971
1851
7241
1228
6493
7788
6861
4825
3882
-6174
4488
9604
-9861
755
-2635
-2841
3096
-9462
-3800
-7819
-6857
-1626
-1003
6719
-5090
1676
-2655
6457
2021
-3545
8783
-6712
7167
9463
-4869
6387
-790
4255
-5211
4398
1222
3603
-7803
8470
2560
4680
5640
8470
50
-7340
-6262
8628
-4702
-9711
1868
-3574
-4662
-1012
-8409
1730
-2740
5217
8284
-4622
-5963
-7369
-3669
-60
5716
164
-8807
-4666
5416
419
-535
3418
2558
-5162
-5737
-2110
2519
3577
-9719
2332
9288
-4449
4625
7781
332
-4749
-5530
8976
-9936
-454
7118
-1544
4196
-6722
-4372
-9719
-4207
7404
2619
867
9645
9541
-9264
9769
4672
-3767
-5153
-9647
6292
-3979
-1647
2401
7370
9471
-6035
-4478
-3034
-7319
9243
-6269
-6375
4193
-9411
9586
4420
-193
-4464
6829
-8942
-3986
-5187
-9018
-7055
7723
-7217
-8394
5126
2277
-8871
8600
4218
8326
-4001
-6087
-4159
-3499
-8649
